name: formation
channels:
  - defaults
dependencies:
  - backports=1.0=py36h81696a8_1
  - backports.weakref=1.0rc1=py36_0
  - bleach=1.5.0=py36_0
  - ca-certificates=2017.08.26=h94faf87_0
  - certifi=2018.1.18=py36_0
  - cycler=0.10.0=py36h009560c_0
  - freetype=2.8=h51f8f2c_1
  - h5py=2.7.1=py36he54a1c3_0
  - hdf5=1.10.1=h98b8871_1
  - html5lib=0.9999999=py36_0
  - icc_rt=2017.0.4=h97af966_0
  - icu=58.2=ha66f8fd_1
  - intel-openmp=2018.0.0=hd92c6cd_8
  - jinja2=2.10=py36h292fed1_0
  - jpeg=9b=hb83a4c4_2
  - keras=2.1.3=py36_0
  - libpng=1.6.34=h79bbb47_0
  - libprotobuf=3.4.1=h3dba5dd_0
  - markdown=2.6.9=py36_0
  - markupsafe=1.0=py36h0e26971_1
  - matplotlib=2.1.2=py36h016c42a_0
  - mkl=2018.0.1=h2108138_4
  - nltk=3.2.5=py36h76d52bb_0
  - numpy=1.14.0=py36h4a99626_1
  - openssl=1.0.2n=h74b6da3_0
  - pandas=0.22.0=py36h6538335_0
  - pandas-profiling=1.4.0=py36_0
  - patsy=0.5.0=py36_0
  - pip=9.0.1=py36h226ae91_4
  - protobuf=3.4.1=py36h07fa351_0
  - pyparsing=2.2.0=py36h785a196_1
  - pyqt=5.6.0=py36hb5ed885_5
  - python=3.6.4=h6538335_1
  - python-dateutil=2.6.1=py36h509ddcb_1
  - pytz=2017.3=py36h1d3fa6b_0
  - pyyaml=3.12=py36h1d1928f_1
  - qt=5.6.2=vc14h6f8c307_12
  - scikit-learn=0.19.1=py36h53aea1b_0
  - scipy=1.0.0=py36h1260518_0
  - seaborn=0.8.1=py36h9b69545_0
  - setuptools=38.4.0=py36_0
  - sip=4.18.1=py36h9c25514_2
  - six=1.11.0=py36h4db2310_1
  - sqlalchemy=1.2.1=py36hfa6e2cd_0
  - sqlite=3.22.0=h9d3ae62_0
  - statsmodels=0.8.0=py36h6189b4c_0
  - tensorflow=1.2.1=py36_0
  - tornado=4.5.3=py36_0
  - vc=14=h0510ff6_3
  - vs2015_runtime=14.0.25420=0
  - werkzeug=0.14.1=py36_0
  - wheel=0.30.0=py36h6c3ec14_1
  - wincertstore=0.2=py36h7fe50ca_0
  - yaml=0.1.7=hc54c509_2
  - zlib=1.2.11=h8395fce_2
prefix: C:\Users\info\AppData\Local\conda\conda\envs\formation

